1
0
10
1
0
11
1
0
9
1
0
10
1
0
9
1
0
10
1
0
9
1
0
10
1
0
12
1
0
11
1
0
12
1
0
14
1
0
14
1
0
14
1
0
14
1
0
14
1
0
14
1
0
14
1
0
14
1
0
15
1
0
14
1
0
14
1
0
15
1
0
15
1
0
15
1
0
14
1
0
15
1
0
15
1
0
16
1
0
15
1
0
15
1
0
16
1
0
14
1
0
15
1
0
16
1
0
15
2
0
17
2
0
20
2
0
20
2
0
21
2
0
22
3
0
25
2
0
24
3
0
27
3
0
27
3
0
30
3
0
31
3
0
31
3
0
32
4
0
35
4
0
37
4
0
37
4
0
39
4
0
40
5
0
42
5
0
43
5
0
43
5
0
42
5
0
42
5
0
43
5
0
43
5
0
44
5
0
44
5
0
44
5
0
44
5
0
43
5
0
43
5
0
44
5
0
43
5
0
44
5
0
43
5
0
43
5
0
43
5
0
44
5
0
43
5
0
44
5
0
44
5
0
44
5
0
44
5
0
44
5
0
43
5
0
43
5
0
44
5
0
43
5
0
44
5
0
44
5
0
43
5
0
43
5
0
44
5
0
45
5
0
44
5
0
44
5
0
47
5
0
48
6
0
50
6
0
49
6
0
50
6
0
53
6
0
53
6
0
55
6
0
56
7
0
58
7
0
59
7
0
61
7
0
61
7
0
60
8
0
66
8
0
66
8
0
67
8
1
69
8
1
69
8
0
68
8
1
71
9
1
73
8
1
72
9
1
73
8
1
72
8
1
72
9
1
73
9
1
73
8
1
72
9
1
73
9
1
73
9
1
73
8
1
72
8
1
72
9
1
73
9
1
73
9
1
73
8
1
72
8
1
72
9
1
73
8
1
72
9
1
73
8
1
72
8
1
72
8
1
72
9
1
73
8
1
72
9
1
74
9
1
74
9
1
73
9
1
75
9
1
77
9
1
77
9
1
78
10
1
82
10
1
81
10
1
84
10
1
86
10
1
88
11
1
91
11
1
91
11
1
91
11
1
93
11
1
93
11
1
95
11
1
94
11
1
94
11
1
94
11
1
95
11
1
94
11
1
94
11
1
95
11
1
95
11
1
95
11
1
94
11
1
94
11
1
94
11
1
95
11
1
94
11
1
95
11
1
95
11
1
94
11
1
94
11
1
94
11
1
95
11
1
94
11
1
95
11
1
95
11
1
95
11
1
95
11
1
95
11
1
95
11
1
95
11
1
95
11
1
94
11
1
94
11
1
95
11
1
94
11
1
95
11
1
94
11
1
95
11
1
94
11
1
95
11
1
94
11
1
94
11
1
94
11
1
95
11
1
94
11
1
94
11
1
94
11
1
95
11
1
94
11
1
95
11
1
95
11
1
95
11
1
95
11
1
94
11
1
94
11
1
94
11
1
94
11
1
94
11
1
90
11
1
94
11
1
95
11
1
95
11
1
95
11
1
94
11
1
94
11
1
94
11
1
95
11
1
94
11
1
95
11
1
94
11
1
95
11
1
95
11
1
95
11
1
94
11
1
95
11
1
95
11
1
95
11
1
94
11
1
95
11
1
95
11
1
95
11
1
95
11
1
94
11
1
94
11
1
95
11
1
95
11
1
94
11
1
95
11
1
95
11
1
95
11
1
95
11
1
95
11
1
95
11
1
94
11
1
95
11
1
94
11
1
95
11
1
95
11
1
94
11
1
95
11
1
95
11
1
95
11
1
95
11
1
94
11
1
95
11
1
94
11
1
95
11
1
94
11
1
94
11
1
95
11
1
95
11
1
94
11
1
94
11
1
95
11
1
94
11
1
95
11
1
94
11
1
94
11
1
95
11
1
94
11
1
95
11
1
94
11
1
95
11
1
93
11
1
94
11
1
94
11
1
94
11
1
94
11
1
94
11
1
95
11
1
95
11
1
94
11
1
95
11
1
95
11
1
95
11
1
94
11
1
96
11
1
94
11
1
94
11
1
94
11
1
94
11
1
94
11
1
94
11
1
95
11
1
95
11
1
95
11
1
95
11
1
95
11
1
95
11
1
95
11
1
95
11
1
95
11
1
94
11
1
94
11
1
95
11
1
95
11
1
95
11
1
95
11
1
94
11
1
95
11
1
95
11
1
94
11
1
94
11
1
94
11
1
95
11
1
95
11
1
95
11
1
94
11
1
94
11
1
95
11
1
94
11
1
95
11
1
95
11
1
94
11
1
95
11
1
95
11
1
95
11
1
94
11
1
95
11
1
95
11
1
95
11
1
94
11
1
95
11
1
94
11
1
95
11
1
95
11
1
95
11
1
94
11
1
95
11
1
94
11
1
94
11
1
95
11
1
95
11
1
95
11
1
94
11
1
95
11
1
94
11
1
94
11
1
95
11
1
95
11
1
95
11
1
94
11
1
95
11
1
94
11
1
94
11
1
94
11
1
95
11
1
94
11
1
95
11
1
95
11
1
94
11
1
95
11
1
95
11
1
95
11
1
94
11
1
95
11
1
95
11
1
95
11
1
94
11
1
95
11
1
94
11
1
94
11
1
95
11
1
95
11
1
94
12
1
97
11
1
95
11
1
94
11
1
94
11
1
95
11
1
94
11
1
95
11
1
94
11
1
94
11
1
95
11
1
95
11
1
95
11
1
95
11
1
95
11
1
95
11
1
95
11
1
94
11
1
95
11
1
94
11
1
95
11
1
94
11
1
94
11
1
95
11
1
95
11
1
94
11
1
95
11
1
94
11
1
95
11
1
95
12
1
97
12
1
97
12
1
97
11
1
96
12
1
98
12
1
98
12
1
99
11
1
95
12
1
99
12
1
99
12
1
100
12
1
100
12
1
102
12
1
103
13
1
109
13
1
109
13
1
110
13
1
112
14
1
114
14
1
114
14
1
115
14
1
115
14
1
115
14
1
114
14
1
114
14
1
114
14
1
114
14
1
115
14
1
114
14
1
115
14
1
116
14
1
115
14
1
114
14
1
116
14
1
114
14
1
114
14
1
115
14
1
115
14
1
115
14
1
116
14
1
115
14
1
116
14
1
116
14
1
115
14
1
115
14
1
116
14
1
115
14
1
114
14
1
115
14
1
115
14
1
116
14
1
115
14
1
117
14
1
120
15
1
121
14
1
120
14
1
120
15
1
121
15
1
122
15
1
122
15
1
123
15
1
128
16
1
130
16
1
132
16
1
135
17
2
137
17
2
139
17
2
144
17
2
144
18
2
145
18
2
147
18
2
147
18
2
149
18
2
150
18
2
149
18
2
150
18
2
150
18
2
150
18
2
149
18
2
150
18
2
149
18
2
149
18
2
150
18
2
150
18
2
150
18
2
149
18
2
147
18
2
150
18
2
150
18
2
149
18
2
150
18
2
150
18
2
149
18
2
149
18
2
149
18
2
149
18
2
149
18
2
150
18
2
150
18
2
150
18
2
150
18
2
149
18
2
149
18
2
149
18
2
150
18
2
149
18
2
150
18
2
150
18
2
150
18
2
150
18
2
150
18
2
150
18
2
150
18
2
150
18
2
149
18
2
150
18
2
149
18
2
149
18
2
150
18
2
149
18
2
150
18
2
150
18
2
150
18
2
149
18
2
147
18
2
150
18
2
150
18
2
150
18
2
150
18
2
150
18
2
150
18
2
150
18
2
149
18
2
149
18
2
150
18
2
150
18
2
149
18
2
149
18
2
149
18
2
149
18
2
150
18
2
149
18
2
150
18
2
150
18
2
149
18
2
150
18
2
149
18
2
150
18
2
149
18
2
150
18
2
149
18
2
149
18
2
149
18
2
150
18
2
149
18
2
149
18
2
150
18
2
149
18
2
149
18
2
149
18
2
146
18
2
149
18
2
149
18
2
150
18
2
149
18
2
150
18
2
150
18
2
149
18
2
150
18
2
150
18
2
149
18
2
150
18
2
149
18
2
149
18
2
150
18
2
149
18
2
149
18
2
149
18
2
150
18
2
150
18
2
149
18
2
150
18
2
150
18
2
150
18
2
149
18
2
149
18
2
149
18
2
149
18
2
150
18
2
150
18
2
149
18
2
150
18
2
149
18
2
150
18
2
149
18
2
149
18
2
150
18
2
149
18
2
149
18
2
150
18
2
150
18
2
149
18
2
149
18
2
149
18
2
149
18
2
149
18
2
149
18
2
150
18
2
150
18
2
150
18
2
150
18
2
150
18
2
150
18
2
150
18
2
149
18
2
149
18
2
150
18
2
150
18
2
150
18
2
150
18
2
149
18
2
150
18
2
150
18
2
150
18
2
150
18
2
149
18
2
149
18
2
150
18
2
150
18
2
150
18
2
150
18
2
149
18
2
149
18
2
150
18
2
152
18
2
150
18
2
149
18
2
149
18
2
150
18
2
150
18
2
150
18
2
150
18
2
149
18
2
153
18
2
150
18
2
149
18
2
150
18
2
149
18
2
149
18
2
150
18
2
149
18
2
149
18
2
149
18
2
149
18
2
149
18
2
150
18
2
149
18
2
149
18
2
149
18
2
149
18
2
149
18
2
149
18
2
149
18
2
150
18
2
150
18
2
150
18
2
149
18
2
150
18
2
150
18
2
150
18
2
150
18
2
150
18
2
150
18
2
149
18
2
149
18
2
149
18
2
149
18
2
150
18
2
149
18
2
149
18
2
149
18
2
149
18
2
150
18
2
150
18
2
151
18
2
150
18
2
150
18
2
150
18
2
149
18
2
150
18
2
150
18
2
149
18
2
149
18
2
149
18
2
149
18
2
150
18
2
150
18
2
149
18
2
149
18
2
149
18
2
150
18
2
149
18
2
150
18
2
149
18
2
149
18
2
150
18
2
149
18
2
150
18
2
149
18
2
149
18
2
150
18
2
149
18
2
150
18
2
149
18
2
149
18
2
150
18
2
150
18
2
149
18
2
149
18
2
149
18
2
149
18
2
150
18
2
149
18
2
150
18
2
150
18
2
149
18
2
149
18
2
149
18
2
150
18
2
150
18
2
150
18
2
150
18
2
149
18
2
149
18
2
150
18
2
149
18
2
150
18
2
149
18
2
149
18
2
150
18
2
149
18
2
149
18
2
149
18
2
149
18
2
149
18
2
149
18
2
150
18
2
150
18
2
150
18
2
150
18
2
150
18
2
149
18
2
150
18
2
150
18
2
149
18
2
150
18
2
150
18
2
150
18
2
150
18
2
149
18
2
149
18
2
149
18
2
149
18
2
149
18
2
150
18
2
149
18
2
149
18
2
149
18
2
150
18
2
149
18
2
149
18
2
149
18
2
149
18
2
149
18
2
149
18
2
149
18
2
150
18
2
150
18
2
150
18
2
149
18
2
149
18
2
149
18
2
145
18
2
150
18
2
150
18
2
150
18
2
149
18
2
149
18
2
149
18
2
150
18
2
150
18
2
150
18
2
150
18
2
150
18
2
150
18
2
150
18
2
149
18
2
150
18
2
149
18
2
150
18
2
150
18
2
150
18
2
149
18
2
150
18
2
148
18
2
150
18
2
149
18
2
149
18
2
149
18
2
151
18
2
150
18
2
150
18
2
149
18
2
151
18
2
149
18
2
149
18
2
149
18
2
149
18
2
150
18
2
150
18
2
150
18
2
150
18
2
150
18
2
149
18
2
149
18
2
149
18
2
150
18
2
149
18
2
149
18
2
149
18
2
149
18
2
149
18
2
149
33
4
273
18
2
149
18
2
150
18
2
149
18
2
148
18
2
150
18
2
150
18
2
150
18
2
150
18
2
150
18
2
149
18
2
149
18
2
150
18
2
149
18
2
149
18
2
150
18
2
150
18
2
149
18
2
149
18
2
149
18
2
150
18
2
150
18
2
149
19
2
156
18
2
150
18
2
149
18
2
149
18
2
150
18
2
150
18
2
150
18
2
149
18
2
149
18
2
149
18
2
149
18
2
149
18
2
149
18
2
149
18
2
149
18
2
149
18
2
149
18
2
150
18
2
150
18
2
150
18
2
150
18
2
150
18
2
150
18
2
149
18
2
150
18
2
149
18
2
150
18
2
149
18
2
150
18
2
149
18
2
150
18
2
149
18
2
150
18
2
150
18
2
149
18
2
149
18
2
149
18
2
149
18
2
149
18
2
149
18
2
150
18
2
150
18
2
150
18
2
150
18
2
149
18
2
150
18
2
150
18
2
150
18
2
150
18
2
149
18
2
149
18
2
149
18
2
149
18
2
149
18
2
150
18
2
149
18
2
150
18
2
149
18
2
148
18
2
150
18
2
150
18
2
150
18
2
150
18
2
150
18
2
150
18
2
149
18
2
149
18
2
149
18
2
150
18
2
150
18
2
150
18
2
151
18
2
150
18
2
150
18
2
149
18
2
150
18
2
149
18
2
150
18
2
150
18
2
149
18
2
149
18
2
149
18
2
150
18
2
149
18
2
149
18
2
149
18
2
149
18
2
150
18
2
150
18
2
149
18
2
149
18
2
150
18
2
149
18
2
150
18
2
150
18
2
150
18
2
150
18
2
150
18
2
149
18
2
149
18
2
149
18
2
150
18
2
150
18
2
149
18
2
149
18
2
146
18
2
149
18
2
149
18
2
150
18
2
150
18
2
149
18
2
150
18
2
149
18
2
150
18
2
150
18
2
149
18
2
149
18
2
149
18
2
149
18
2
150
18
2
149
18
2
150
18
2
149
18
2
150
18
2
150
18
2
150
18
2
149
18
2
150
18
2
149
18
2
150
18
2
149
18
2
149
18
2
150
18
2
150
18
2
149
18
2
149
18
2
150
18
2
149
18
2
149
18
2
149
18
2
150
18
2
149
18
2
149
18
2
150
18
2
149
18
2
149
18
2
149
18
2
150
18
2
149
18
2
149
18
2
149
18
2
149
18
2
149
18
2
150
18
2
150
18
2
150
18
2
150
18
2
150
18
2
150
18
2
149
18
2
150
18
2
150
18
2
150
18
2
150
18
2
149
18
2
150
18
2
150
18
2
149
18
2
149
18
2
149
18
2
149
18
2
150
18
2
150
18
2
150
18
2
149
18
2
150
18
2
150
18
2
150
18
2
150
18
2
149
18
2
150
18
2
149
18
2
149
18
2
150
18
2
149
18
2
149
18
2
150
18
2
149
18
2
149
18
2
149
18
2
149
18
2
150
18
2
149
18
2
149
18
2
150
18
2
150
18
2
150
18
2
150
18
2
149
18
2
149
18
2
150
18
2
150
18
2
150
18
2
149
18
2
150
18
2
149
18
2
149
18
2
149
18
2
150
18
2
150
18
2
149
18
2
149
18
2
149
18
2
150
18
2
149
18
2
150
18
2
149
18
2
149
18
2
150
18
2
149
18
2
150
18
2
150
18
2
149
18
2
150
18
2
149
18
2
150
18
2
150
18
2
149
18
2
150
18
2
150
18
2
149
18
2
149
18
2
150
18
2
149
18
2
149
18
2
149
18
2
149
18
2
150
18
2
149
18
2
150
18
2
150
18
2
149
18
2
150
18
2
150
18
2
150
18
2
150
18
2
150
18
2
150
18
2
149
18
2
149
18
2
149
18
2
149
18
2
150
18
2
147
18
2
150
18
2
150
18
2
149
18
2
150
18
2
149
18
2
150
18
2
150
18
2
150
18
2
149
18
2
150
18
2
149
18
2
149
18
2
149
18
2
149
18
2
149
18
2
149
18
2
150
18
2
150
18
2
150
18
2
150
18
2
150
18
2
149
18
2
150
18
2
150
18
2
149
18
2
149
18
2
150
18
2
149
18
2
149
18
2
149
18
2
150
18
2
150
18
2
150
18
2
149
18
2
149
18
2
150
18
2
150
18
2
150
18
2
151
18
2
150
18
2
151
18
2
152
18
2
151
18
2
152
18
2
152
18
2
152
18
2
152
18
2
153
18
2
152
18
2
153
18
2
151
19
2
154
19
2
154
19
2
154
19
2
155
19
2
155
19
2
155
19
2
155
19
2
156
19
2
155
19
2
155
19
2
157
19
2
157
19
2
156
19
2
157
19
2
156
19
2
157
19
2
156
19
2
158
19
2
159
19
2
159
19
2
159
19
2
160
19
2
160
19
2
159
19
2
159
19
2
160
19
2
161
20
2
162
20
2
162
20
2
162
20
2
164
20
2
165
20
2
165
20
2
168
21
2
173
21
2
173
21
2
173
21
2
173
21
2
173
21
2
175
21
2
175
21
2
175
21
2
174
21
2
176
21
2
174
21
2
175
21
2
175
21
2
174
21
2
174
21
2
173
21
2
175
21
2
174
21
2
174
21
2
175
21
2
175
21
2
174
21
2
175
21
2
174
21
2
174
21
2
174
21
2
174
21
2
174
21
2
175
21
2
175
21
2
176
21
2
177
22
2
178
22
2
178
22
2
179
22
2
179
22
2
180
22
2
179
22
2
182
22
2
183
22
2
184
23
2
187
23
2
187
23
2
189
23
2
190
23
2
190
23
2
189
23
2
191
23
2
191
23
2
191
23
2
191
23
2
190
23
2
190
23
2
191
23
2
190
23
2
191
23
2
190
23
2
189
23
2
190
23
2
191
23
2
190
23
2
191
24
2
194
23
2
190
23
2
189
23
2
190
23
2
191
23
2
191
23
2
191
23
2
189
23
2
190
23
2
193
24
2
195
24
2
196
24
2
196
24
2
196
24
2
198
24
2
198
24
2
201
25
2
204
25
3
205
25
3
209
26
3
210
26
3
211
26
3
212
26
3
212
26
3
212
26
3
212
26
3
213
26
3
214
26
3
213
26
3
213
26
3
213
26
3
213
26
3
213
26
3
214
26
3
213
26
3
214
26
3
214
26
3
214
26
3
213
26
3
214
26
3
213
26
3
213
26
3
213
26
3
213
26
3
213
26
3
213
26
3
213
26
3
214
26
3
213
26
3
214
26
3
214
26
3
213
26
3
214
26
3
214
26
3
213
26
3
214
26
3
213
26
3
213
26
3
214
26
3
214
26
3
213
26
3
213
26
3
213
26
3
213
26
3
214
26
3
213
26
3
214
26
3
214
26
3
214
26
3
213
26
3
214
26
3
214
26
3
214
26
3
214
26
3
215
26
3
213
26
3
213
26
3
214
26
3
214
26
3
213
26
3
214
26
3
214
26
3
214
26
3
213
26
3
213
26
3
213
26
3
213
26
3
214
26
3
213
26
3
213
26
3
214
26
3
213
26
3
213
26
3
213
26
3
214
26
3
214
26
3
214
26
3
213
26
3
214
26
3
214
26
3
213
26
3
213
26
3
214
26
3
213
26
3
214
26
3
214
26
3
214
26
3
214
26
3
214
26
3
213
26
3
213
26
3
214
26
3
214
26
3
214
26
3
213
26
3
213
26
3
214
26
3
213
26
3
213
26
3
213
26
3
213
26
3
213
26
3
213
26
3
214
26
3
214
26
3
213
26
3
214
26
3
214
26
3
214
26
3
213
26
3
214
26
3
214
26
3
213
26
3
214
26
3
214
26
3
213
26
3
213
26
3
213
26
3
214
26
3
214
26
3
213
26
3
214
26
3
213
26
3
214
26
3
214
26
3
214
26
3
214
26
3
214
26
3
214
26
3
213
26
3
214
26
3
213
26
3
214
26
3
214
26
3
214
26
3
213
26
3
214
26
3
214
26
3
214
26
3
213
26
3
214
26
3
214
26
3
213
26
3
214
26
3
214
26
3
214
26
3
213
26
3
215
26
3
213
26
3
213
26
3
214
26
3
214
26
3
213
26
3
213
26
3
214
26
3
213
26
3
214
26
3
213
26
3
213
26
3
211
26
3
214
26
3
213
26
3
214
26
3
213
26
3
213
26
3
214
26
3
214
26
3
214
26
3
214
26
3
213
26
3
213
26
3
214
26
3
213
26
3
213
26
3
214
26
3
214
26
3
213
26
3
214
26
3
214
26
3
214
26
3
213
26
3
213
26
3
214
26
3
213
26
3
213
26
3
214
26
3
213
26
3
213
26
3
214
26
3
213
26
3
214
26
3
213
26
3
214
26
3
214
26
3
214
26
3
214
26
3
213
26
3
213
26
3
214
26
3
213
26
3
213
26
3
213
26
3
213
26
3
213
26
3
213
26
3
213
26
3
214
26
3
213
26
3
213
26
3
213
26
3
213
26
3
213
26
3
214
26
3
214
26
3
214
26
3
214
26
3
216
26
3
215
26
3
216
26
3
217
26
3
216
26
3
217
26
3
216
27
3
218
27
3
220
27
3
220
27
3
221
27
3
223
27
3
223
28
3
226
27
3
225
28
3
226
28
3
227
27
3
223
28
3
228
28
3
227
28
3
228
28
3
229
28
3
231
28
3
233
28
3
232
28
3
233
29
3
235
29
3
235
29
3
235
29
3
235
29
3
237
29
3
236
29
3
236
29
3
236
29
3
236
29
3
237
29
3
237
29
3
236
29
3
236
29
3
236
29
3
237
29
3
237
29
3
235
29
3
235
29
3
237
29
3
236
29
3
236
29
3
235
29
3
235
29
3
237
29
3
237
29
3
236
29
3
236
29
3
237
29
3
236
29
3
239
29
3
240
29
3
240
29
3
241
30
3
242
30
3
242
30
3
247
30
3
247
30
3
249
30
3
249
31
3
251
31
3
252
31
3
253
31
3
253
31
3
255
31
3
257
32
3
258
32
3
258
32
3
258
32
3
259
32
3
258
32
3
258
31
3
257
32
3
259
31
3
256
31
3
257
31
3
257
31
3
257
31
3
257
31
3
257
32
3
258
32
3
259
32
3
258
31
3
257
32
3
258
32
3
259
32
3
263
31
3
257
32
3
258
32
3
258
32
3
259
32
3
259
32
3
258
32
3
258
32
3
261
32
3
262
32
3
263
32
3
264
33
3
266
32
3
265
33
3
267
33
3
270
33
3
269
33
3
270
33
3
272
34
4
275
34
4
279
34
4
281
35
4
283
35
4
284
35
4
283
35
4
284
35
4
284
35
4
283
35
4
283
35
4
284
35
4
284
35
4
283
35
4
283
35
4
284
35
4
283
35
4
284
35
4
283
35
4
284
35
4
284
35
4
283
35
4
284
35
4
284
35
4
283
35
4
284
35
4
283
35
4
283
35
4
283
35
4
283
35
4
284
35
4
284
35
4
284
35
4
284
35
4
284
35
4
284
35
4
286
35
4
288
35
4
289
35
4
289
36
4
291
36
4
293
36
4
294
36
4
296
36
4
297
36
4
297
37
4
299
37
4
301
37
4
303
37
4
304
37
4
304
37
4
304
37
4
305
37
4
306
37
4
306
37
4
306
37
4
300
37
4
306
37
4
306
38
4
307
37
4
305
38
4
307
38
4
307
37
4
306
37
4
306
37
4
305
37
4
305
37
4
305
38
4
307
37
4
306
38
4
307
37
4
306
37
4
306
37
4
305
38
4
307
37
4
306
38
4
307
38
4
307
37
4
306
37
4
306
38
4
307
37
4
305
37
4
306
38
4
307
38
4
307
37
4
305
37
4
305
38
4
307
38
4
307
37
4
305
37
4
306
38
4
307
38
4
307
38
4
307
37
4
306
38
4
307
37
4
305
37
4
306
37
4
306
38
4
307
38
4
307
37
4
306
37
4
306
38
4
307
37
4
306
38
4
307
37
4
305
37
4
305
38
4
307
37
4
305
37
4
306
37
4
306
37
4
305
37
4
305
38
4
307
37
4
305
37
4
306
37
4
306
37
4
306
38
4
307
37
4
305
37
4
305
38
4
307
37
4
306
38
4
307
37
4
306
37
4
306
37
4
305
37
4
306
37
4
306
38
4
308
38
4
307
37
4
305
37
4
306
37
4
305
37
4
306
37
4
306
37
4
305
38
4
307
37
4
306
37
4
306
37
4
306
38
4
307
38
4
307
37
4
306
37
4
306
38
4
307
38
4
307
37
4
306
37
4
305
37
4
305
37
4
305
38
4
307
38
4
307
37
4
306
37
4
306
37
4
306
37
4
305
37
4
305
37
4
306
37
4
306
37
4
305
38
4
307
38
4
307
37
4
306
37
4
306
37
4
306
37
4
306
38
4
307
38
4
307
37
4
306
37
4
305
38
4
307
38
4
307
37
4
306
37
4
305
38
4
307
37
4
306
38
4
307
38
4
307
38
4
307
37
4
306
38
4
307
37
4
305
37
4
306
37
4
306
37
4
306
37
4
306
37
4
305
37
4
306
38
4
307
37
4
306
38
4
307
38
4
307
37
4
306
37
4
306
37
4
306
38
4
307
38
4
307
37
4
306
37
4
305
38
4
307
37
4
306
37
4
306
38
4
312
37
4
305
37
4
305
37
4
306
37
4
306
37
4
306
38
4
307
37
4
305
38
4
307
37
4
306
37
4
306
37
4
306
38
4
307
37
4
306
37
4
306
38
4
307
37
4
306
37
4
305
38
4
307
37
4
305
38
4
307
37
4
306
38
4
307
37
4
306
38
4
307
38
4
309
37
4
306
38
4
307
37
4
305
37
4
305
37
4
305
37
4
305
38
4
307
37
4
305
37
4
306
37
4
306
37
4
302
38
4
307
37
4
305
38
4
307
38
4
310
37
4
305
37
4
306
37
4
305
38
4
307
38
4
307
37
4
305
37
4
306
37
4
306
37
4
306
37
4
306
37
4
305
38
4
307
38
4
307
38
4
307
37
4
305
37
4
306
38
4
307
37
4
306
38
4
307
37
4
305
37
4
306
37
4
306
37
4
306
37
4
305
37
4
305
37
4
306
38
4
307
37
4
306
37
4
306
38
4
307
37
4
305
37
4
306
38
4
307
37
4
302
37
4
305
38
4
307
38
4
307
37
4
306
37
4
306
37
4
305
38
4
307
37
4
305
38
4
307
37
4
305
37
4
305
37
4
306
38
4
307
37
4
306
38
4
307
37
4
306
37
4
306
37
4
306
38
4
307
38
4
307
38
4
308
38
4
308
38
4
310
38
4
312
38
4
314
39
4
317
39
4
321
40
4
324
40
4
327
40
4
328
40
4
329
40
4
329
40
4
329
40
4
329
40
4
330
40
4
330
40
4
329
40
4
329
40
4
329
40
4
330
40
4
329
40
4
330
40
4
330
40
4
330
40
4
329
40
4
328
40
4
329
40
4
330
40
4
330
40
4
329
40
4
328
40
4
329
40
4
329
40
4
328
40
4
329
40
4
329
40
4
330
40
4
329
40
4
330
40
4
329
41
4
332
41
4
332
41
4
333
41
4
333
41
4
332
41
4
336
41
4
336
41
4
338
42
4
339
42
5
341
42
5
345
43
5
351
43
5
352
44
5
355
44
5
357
44
5
357
44
5
357
44
5
358
44
5
357
44
5
357
44
5
357
44
5
358
44
5
357
44
5
358
44
5
358
44
5
357
44
5
358
44
5
358
44
5
358
44
5
358
44
5
358
44
5
358
44
5
359
44
5
360
44
5
361
44
5
360
44
5
360
44
5
360
44
5
361
44
5
360
44
5
361
44
5
360
44
5
362
44
5
361
44
5
362
45
5
363
45
5
366
45
5
366
45
5
367
45
5
366
45
5
368
45
5
368
45
5
369
46
5
371
46
5
373
46
5
377
46
5
376
47
5
379
47
5
379
47
5
380
47
5
383
47
5
384
47
5
384
47
5
384
48
5
388
48
5
389
48
5
390
48
5
389
48
5
389
48
5
388
48
5
388
48
5
390
48
5
390
48
5
390
48
5
390
48
5
390
48
5
389
48
5
388
48
5
390
48
5
390
48
5
390
48
5
390
48
5
388
48
5
389
48
5
389
48
5
388
48
5
390
48
5
388
48
5
389
48
5
388
48
5
390
48
5
390
48
5
388
48
5
388
48
5
388
48
5
389
48
5
390
48
5
390
48
5
389
48
5
390
48
5
390
48
5
389
48
5
390
48
5
389
48
5
389
48
5
390
48
5
389
48
5
388
48
5
389
48
5
389
48
5
390
48
5
389
48
5
388
48
5
389
48
5
390
48
5
390
48
5
388
48
5
388
48
5
391
48
5
389
48
5
390
48
5
389
48
5
389
48
5
388
48
5
389
48
5
389
48
5
390
48
5
389
48
5
389
48
5
389
48
5
389
48
5
389
48
5
389
48
5
390
48
5
389
48
5
390
48
5
388
48
5
388
48
5
389
48
5
389
48
5
390
48
5
389
48
5
389
48
5
390
48
5
388
48
5
388
48
5
390
48
5
390
48
5
390
48
5
388
48
5
390
48
5
389
48
5
390
48
5
390
48
5
390
48
5
388
48
5
389
48
5
389
48
5
389
48
5
390
48
5
390
48
5
390
48
5
388
48
5
390
48
5
388
48
5
389
48
5
389
48
5
390
48
5
388
48
5
390
48
5
390
48
5
389
48
5
388
48
5
389
48
5
390
48
5
389
48
5
388
48
5
389
48
5
389
48
5
390
48
5
391
48
5
388
48
5
389
48
5
390
48
5
388
48
5
388
48
5
389
48
5
389
48
5
390
48
5
389
48
5
390
48
5
389
48
5
388
48
5
389
48
5
388
48
5
388
48
5
388
48
5
389
48
5
390
48
5
390
48
5
389
48
5
389
48
5
389
48
5
390
48
5
388
48
5
389
48
5
390
48
5
390
48
5
389
48
5
389
48
5
389
48
5
389
48
5
388
48
5
389
48
5
390
48
5
389
48
5
390
48
5
390
48
5
389
48
5
390
48
5
389
48
5
388
48
5
390
48
5
388
48
5
390
48
5
390
48
5
390
48
5
389
48
5
390
48
5
388
48
5
389
48
5
389
48
5
390
48
5
388
48
5
390
48
5
389
48
5
388
48
5
390
48
5
389
48
5
388
48
5
390
48
5
389
48
5
390
48
5
389
48
5
389
48
5
388
48
5
389
48
5
388
48
5
390
48
5
389
48
5
390
48
5
389
48
5
389
48
5
388
48
5
391
48
5
389
48
5
389
48
5
389
48
5
389
48
5
389
48
5
390
48
5
388
48
5
389
48
5
390
48
5
389
48
5
388
48
5
387
48
5
388
48
5
389
48
5
389
48
5
389
48
5
389
48
5
390
48
5
388
48
5
390
48
5
390
48
5
390
48
5
389
48
5
390
48
5
390
48
5
389
48
5
391
48
5
389
48
5
389
48
5
391
48
5
390
48
5
391
48
5
393
48
5
393
48
5
392
48
5
393
48
5
392
48
5
392
48
5
392
48
5
392
48
5
392
48
5
393
48
5
392
48
5
392
48
5
394
48
5
394
49
5
395
49
5
395
49
5
401
49
5
398
49
5
399
49
5
400
49
5
400
49
5
399
49
5
399
49
5
400
49
5
400
49
5
398
49
5
400
49
5
400
49
5
399
49
5
399
49
5
398
49
5
398
49
5
399
49
5
400
49
5
400
49
5
398
49
5
399
49
5
399
49
5
399
49
5
400
49
5
399
49
5
399
49
5
400
49
5
399
49
5
400
49
5
399
49
5
401
49
5
400
49
5
401
49
5
401
49
5
400
49
5
401
49
5
402
50
5
408
50
5
405
50
5
405
50
5
408
50
5
409
51
6
411
51
6
412
51
6
413
51
6
413
51
6
413
51
6
413
51
6
414
51
6
414
51
6
414
51
6
414
51
6
414
51
6
416
51
6
415
51
6
415
51
6
416
51
6
416
51
6
415
51
6
415
51
6
416
51
6
415
51
6
415
51
6
417
51
6
415
51
6
416
51
6
417
51
6
416
51
6
417
51
6
417
51
6
417
51
6
417
51
6
415
51
6
417
51
6
416
51
6
415
51
6
417
51
6
416
51
6
417
51
6
416
51
6
417
51
6
417
51
6
418
51
6
417
52
6
419
52
6
419
52
6
421
52
6
422
52
6
424
53
6
427
53
6
428
53
6
429
53
6
432
53
6
432
53
6
434
54
6
436
54
6
441
54
6
441
54
6
441
54
6
441
54
6
441
54
6
442
54
6
441
54
6
441
54
6
442
54
6
441
54
6
442
54
6
441
54
6
441
54
6
441
54
6
441
54
6
438
54
6
441
54
6
441
54
6
442
54
6
442
54
6
441
54
6
441
54
6
441
54
6
442
54
6
441
54
6
441
54
6
441
54
6
441
54
6
441
54
6
440
54
6
442
54
6
442
54
6
441
54
6
441
54
6
443
55
6
444
55
6
445
55
6
446
55
6
446
55
6
447
55
6
446
55
6
447
55
6
447
55
6
449
55
6
451
56
6
454
56
6
459
56
6
459
56
6
458
57
6
460
57
6
460
57
6
461
57
6
462
57
6
463
57
6
465
57
6
466
57
6
467
58
6
468
58
6
468
58
6
468
58
6
468
57
6
467
58
6
469
58
6
469
58
6
468
58
6
468
57
6
467
57
6
467
58
6
469
58
6
468
58
6
468
58
6
468
58
6
468
58
6
468
58
6
468
58
6
468
58
6
468
58
6
468
57
6
467
57
6
467
58
6
468
58
6
468
58
6
468
58
6
468
58
6
469
58
6
468
57
6
467
58
6
468
58
6
469
58
6
470
58
6
469
58
6
469
58
6
469
58
6
471
58
6
470
58
6
471
58
6
473
58
6
473
58
6
475
59
6
477
59
6
477
59
7
478
59
7
479
59
7
480
59
7
480
59
7
481
60
7
484
60
7
484
60
7
485
59
7
483
60
7
484
60
7
485
60
7
484
60
7
484
60
7
485
60
7
484
60
7
485
60
7
485
60
7
485
60
7
485
60
7
484
59
7
483
59
7
483
60
7
485
60
7
485
60
7
484
60
7
485
60
7
485
60
7
485
60
7
484
60
7
485
60
7
485
60
7
484
60
7
484
60
7
485
60
7
485
60
7
484
60
7
485
60
7
485
60
7
484
59
7
483
60
7
484
60
7
484
60
7
485
60
7
484
60
7
485
60
7
486
60
7
486
60
7
486
60
7
485
60
7
486
60
7
487
60
7
487
60
7
486
60
7
488
60
7
489
60
7
489
60
7
488
60
7
490
60
7
489
60
7
489
60
7
489
60
7
489
60
7
489
60
7
489
60
7
489
60
7
489
60
7
488
60
7
488
60
7
489
60
7
488
60
7
488
60
7
490
60
7
489
60
7
490
60
7
488
60
7
489
60
7
489
60
7
489
60
7
488
60
7
489
60
7
488
60
7
490
60
7
490
60
7
488
60
7
489
60
7
489
60
7
489
60
7
488
60
7
489
60
7
490
60
7
488
60
7
488
60
7
489
61
7
494
60
7
490
60
7
488
60
7
488
60
7
489
60
7
488
60
7
489
60
7
489
60
7
488
60
7
489
60
7
488
60
7
489
60
7
490
60
7
489
60
7
489
60
7
489
60
7
488
60
7
490
60
7
489
60
7
489
60
7
488
60
7
490
60
7
490
60
7
489
60
7
489
60
7
489
60
7
490
60
7
488
60
7
489
60
7
489
60
7
489
60
7
488
60
7
488
60
7
489
60
7
490
60
7
488
60
7
488
60
7
489
60
7
490
60
7
488
60
7
488
60
7
488
60
7
489
60
7
488
60
7
488
60
7
489
60
7
489
60
7
490
60
7
489
60
7
490
60
7
489
60
7
489
60
7
490
60
7
489
60
7
489
60
7
489
60
7
488
60
7
488
60
7
488
60
7
489
60
7
489
60
7
490
60
7
488
60
7
489
60
7
488
60
7
489
60
7
490
60
7
488
61
7
492
60
7
488
60
7
488
60
7
488
60
7
488
60
7
489
61
7
493
60
7
490
60
7
489
60
7
489
60
7
488
60
7
490
60
7
489
60
7
489
60
7
489
60
7
490
60
7
488
60
7
488
60
7
489
60
7
488
60
7
489
60
7
488
60
7
489
60
7
490
60
7
489
60
7
490
60
7
489
60
7
490
60
7
488
60
7
488
60
7
489
60
7
489
60
7
489
60
7
490
60
7
490
60
7
489
60
7
489
60
7
490
60
7
490
60
7
490
60
7
488
60
7
489
60
7
489
60
7
490
60
7
490
60
7
489
60
7
489
60
7
490
60
7
488
60
7
489
60
7
489
60
7
490
60
7
490
60
7
490
60
7
489
60
7
490
60
7
490
60
7
489
60
7
489
60
7
490
60
7
490
60
7
489
60
7
489
60
7
489
60
7
489
60
7
488
60
7
488
60
7
489
60
7
489
60
7
489
60
7
489
60
7
489
60
7
490
60
7
490
60
7
489
60
7
488
60
7
489
60
7
489
60
7
488
60
7
488
60
7
486
60
7
489
60
7
490
60
7
490
60
7
490
60
7
489
60
7
488
60
7
489
60
7
489
60
7
489
60
7
489
60
7
490
60
7
488
60
7
489
60
7
490
60
7
490
60
7
489
60
7
490
60
7
490
60
7
489
60
7
489
60
7
488
60
7
489
60
7
489
60
7
490
60
7
489
60
7
488
60
7
488
60
7
488
60
7
488
60
7
489
60
7
489
60
7
489
60
7
490
60
7
488
60
7
489
60
7
489
60
7
490
60
7
489
60
7
489
60
7
488
60
7
488
60
7
488
60
7
489
60
7
488
60
7
489
60
7
489
60
7
490
60
7
489
60
7
491
60
7
490
60
7
491
60
7
491
60
7
491
60
7
491
60
7
491
60
7
491
60
7
490
60
7
491
60
7
491
60
7
490
60
7
491
60
7
491
60
7
491
60
7
491
61
7
492
61
7
492
61
7
492
61
7
493
61
7
494
61
7
495
61
7
496
61
7
495
61
7
495
60
7
491
61
7
496
61
7
495
61
7
496
61
7
496
61
7
496
61
7
496
61
7
495
61
7
496
61
7
496
61
7
495
61
7
495
61
7
496
61
7
496
61
7
496
61
7
495
61
7
496
61
7
495
61
7
496
61
7
496
61
7
496
61
7
495
61
7
496
61
7
495
61
7
496
61
7
496
61
7
496
61
7
495
61
7
495
61
7
495
61
7
495
61
7
496
61
7
495
61
7
497
61
7
498
61
7
498
61
7
498
61
7
498
61
7
498
61
7
499
61
7
499
61
7
499
61
7
499
61
7
498
62
7
500
62
7
500
62
7
500
62
7
500
62
7
501
62
7
502
62
7
501
62
7
500
62
7
502
62
7
502
62
7
501
62
7
502
62
7
501
62
7
502
62
7
502
62
7
502
62
7
502
62
7
502
62
7
502
62
7
502
62
7
501
62
7
501
62
7
502
62
7
501
62
7
502
62
7
502
62
7
501
62
7
502
62
7
502
62
7
501
62
7
506
62
7
502
62
7
501
62
7
502
62
7
501
62
7
501
62
7
502
62
7
502
62
7
501
62
7
502
62
7
501
62
7
502
62
7
502
62
7
502
62
7
503
62
7
503
62
7
502
62
7
504
62
7
503
62
7
503
62
7
504
62
7
505
62
7
505
62
7
507
62
7
506
62
7
507
63
7
508
63
7
508
63
7
508
63
7
508
62
7
507
62
7
507
62
7
507
63
7
508
62
7
507
63
7
508
62
7
507
62
7
507
63
7
509
63
7
508
63
7
508
63
7
508
62
7
507
63
7
508
62
7
507
62
7
507
63
7
509
63
7
508
62
7
507
63
7
508
63
7
509
63
7
509
63
7
508
63
7
508
63
7
509
63
7
508
63
7
509
63
7
509
63
7
508
62
7
507
63
7
508
62
7
507
63
7
508
63
7
508
62
7
507
63
7
509
63
7
509
62
7
507
63
7
509
63
7
508
63
7
509
62
7
507
63
7
509
63
7
509
63
7
509
63
7
509
63
7
508
63
7
508
62
7
507
63
7
508
63
7
509
62
7
507
63
7
509
63
7
509
63
7
508
63
7
508
63
7
508
62
7
507
63
7
509
62
7
507
63
7
508
63
7
509
63
7
508
63
7
508
62
7
507
63
7
509
63
7
508
62
7
507
63
7
508
63
7
508
63
7
508
63
7
509
62
7
507
62
7
507
62
7
507
63
7
508
63
7
508
63
7
508
63
7
508
63
7
508
63
7
509
63
7
508
63
7
508
63
7
509
63
7
509
63
7
508
63
7
508
63
7
508
63
7
508
63
7
508
62
7
507
63
7
508
62
7
507
63
7
508
63
7
508
63
7
508
63
7
508
63
7
509
63
7
508
63
7
508
62
7
507
63
7
508
63
7
508
63
7
508
63
7
508
62
7
507
62
7
507
63
7
508
63
7
509
62
7
507
63
7
508
62
7
507
63
7
508
63
7
509
62
7
507
63
7
508
63
7
509
63
7
508
63
7
508
63
7
509
63
7
508
63
7
509
63
7
509
63
7
509
63
7
508
63
7
508
62
7
507
63
7
508
63
7
509
63
7
508
63
7
508
63
7
509
63
7
509
63
7
508
63
7
508
63
7
509
63
7
508
63
7
509
63
7
509
63
7
508
62
7
507
63
7
508
63
7
509
62
7
507
63
7
508
63
7
509
63
7
508
63
7
508
63
7
509
62
7
507
63
7
508
63
7
509
63
7
509
63
7
509
63
7
508
62
7
507
63
7
508
63
7
508
62
7
507
63
7
508
63
7
509
62
7
507
63
7
508
63
7
509
63
7
508
62
7
507
63
7
508
63
7
509
62
7
507
63
7
508
63
7
509
63
7
509
63
7
509
63
7
508
63
7
508
63
7
509
63
7
509
63
7
508
63
7
509
63
7
508
63
7
508
63
7
509
62
7
507
63
7
508
63
7
509
63
7
509
63
7
509
63
7
508
63
7
508
63
7
509
63
7
509
63
7
509
63
7
508
63
7
508
62
7
507
63
7
508
62
7
507
62
7
507
63
7
508
63
7
508
63
7
508
62
7
507
63
7
508
63
7
508
63
7
509
62
7
507
63
7
508
63
7
509
63
7
509
63
7
509
63
7
509
62
7
507
62
7
507
62
7
507
63
7
509
63
7
508
63
7
508
63
7
509
63
7
509
63
7
509
63
7
509
63
7
508
63
7
509
62
7
507
63
7
509
63
7
509
62
7
507
63
7
508
63
7
509
63
7
509
63
7
509
62
7
507
62
7
507
63
7
508
63
7
509
63
7
509
63
7
509
63
7
509
63
7
508
63
7
508
62
7
507
62
7
507
63
7
509
63
7
509
63
7
509
62
7
507
62
7
507
63
7
509
63
7
508
62
7
507
63
7
509
63
7
509
63
7
508
63
7
508
62
7
507
63
7
508
63
7
508
62
7
507
62
7
507
63
7
509
63
7
508
63
7
509
63
7
509
62
7
507
63
7
509
63
7
509
63
7
509
63
7
509
62
7
507
62
7
507
62
7
507
63
7
509
62
7
507
63
7
508
63
7
508
63
7
509
63
7
509
63
7
508
63
7
508
63
7
508
62
7
507
62
7
507
63
7
509
63
7
509
63
7
508
63
7
508
63
7
509
63
7
509
62
7
507
63
7
509
62
7
507
63
7
509
63
7
509
63
7
509
62
7
507
62
7
507
62
7
507
62
7
504
63
7
509
63
7
509
63
7
509
63
7
508
63
7
508
62
7
507
63
7
508
63
7
509
63
7
510
63
7
510
63
7
510
63
7
511
63
7
510
63
7
511
63
7
512
63
7
512
63
7
511
63
7
513
63
7
512
63
7
512
63
7
513
63
7
512
63
7
513
63
7
513
63
7
512
63
7
513
63
7
512
63
7
513
63
7
513
63
7
512
63
7
512
63
7
512
63
7
511
63
7
509
63
7
512
63
7
513
63
7
513
63
7
513
63
7
513
63
7
513
63
7
512
63
7
513
63
7
513
63
7
513
63
7
512
63
7
513
63
7
512
63
7
513
63
7
512
63
7
513
63
7
513
63
7
513
63
7
514
63
7
515
63
7
515
63
7
513
63
7
515
63
7
515
63
7
515
63
7
515
64
7
517
64
7
517
64
7
516
64
7
518
64
7
517
64
7
518
64
7
517
64
7
517
64
7
516
64
7
518
64
7
519
64
7
519
64
7
519
64
7
520
64
7
519
64
7
519
64
7
520
64
7
520
64
7
519
64
7
520
64
7
519
64
7
520
64
7
519
64
7
519
64
7
519
64
7
520
64
7
519
64
7
519
64
7
519
64
7
519
64
7
519
64
7
520
64
7
519
64
7
520
64
7
518
64
7
519
64
7
519
64
7
519
64
7
520
64
7
520
64
7
519
64
7
520
64
7
520
64
7
520
64
7
518
64
7
519
64
7
520
64
7
519
64
7
519
64
7
520
64
7
520
64
7
520
64
7
520
64
7
520
64
7
521
64
7
520
64
7
522
64
7
522
64
7
520
64
7
520
64
7
521
64
7
522
64
7
522
64
7
523
64
7
522
65
7
524
65
7
525
65
7
525
65
7
524
65
7
524
65
7
524
65
7
525
65
7
525
65
7
525
65
7
526
65
7
525
65
7
526
65
7
528
65
7
528
65
7
528
65
7
529
65
7
529
65
7
529
65
7
528
65
7
529
65
7
529
65
7
529
65
7
525
65
7
528
65
7
530
65
7
524
65
7
530
65
7
530
65
7
530
65
7
529
65
7
528
65
7
530
65
7
530
65
7
530
65
7
529
65
7
530
65
7
528
65
7
530
65
7
529
65
7
528
65
7
528
65
7
529
65
7
529
65
7
529
65
7
528
65
7
529
65
7
530
65
7
529
65
7
528
65
7
529
65
7
528
65
7
530
65
7
529
65
7
530
65
7
530
65
7
529
65
7
530
65
7
531
65
7
530
65
7
531
65
7
530
65
7
531
65
7
531
65
7
531
65
7
531
65
7
530
66
7
532
65
7
531
66
7
532
65
7
531
66
7
532
66
7
533
66
7
532
66
7
533
66
7
532
66
7
533
66
7
532
66
7
533
66
7
533
66
7
535
66
7
535
66
7
535
66
7
536
66
7
536
66
7
534
66
7
536
66
7
537
66
7
537
66
7
538
66
7
539
66
7
538
66
7
539
67
7
540
67
7
540
67
7
540
66
7
539
67
8
547
66
7
539
67
7
540
67
7
540
67
7
540
67
7
540
66
7
539
66
7
539
67
7
541
67
7
540
67
7
540
67
7
540
67
7
540
66
7
539
67
7
540
67
7
540
67
7
541
66
7
539
66
7
539
67
7
540
67
7
540
67
7
540
67
7
540
66
7
539
67
7
540
66
7
539
67
7
540
66
7
539
67
7
540
66
7
539
67
7
540
66
7
539
67
7
540
66
7
539
67
7
540
67
7
542
67
7
542
67
7
543
67
7
544
67
7
544
67
7
545
67
7
544
67
7
544
67
7
545
67
7
545
67
7
545
67
7
545
67
7
545
72
8
583
72
8
583
72
8
583
72
8
584
72
8
584
72
8
584
67
8
546
67
7
545
68
8
550
67
8
546
67
7
545
67
7
545
67
7
544
67
7
545
67
7
544
67
7
545
67
7
545
67
7
544
67
7
545
67
7
545
67
7
545
67
7
545
67
7
544
67
7
545
67
7
545
67
7
545
67
7
542
67
7
544
67
7
544
67
7
544
67
7
545
67
7
544
67
7
545
67
7
544
67
7
544
67
7
544
67
7
545
67
7
544
67
7
545
67
7
545
67
7
545
67
7
545
67
7
544
67
7
545
67
8
546
67
7
544
67
7
544
67
7
545
67
7
544
67
7
545
67
7
545
67
7
545
67
7
545
67
7
544
67
7
545
67
7
544
67
7
545
68
8
548
67
7
544
67
7
544
67
7
544
67
7
544
67
7
544
67
7
545
67
7
545
67
7
544
67
7
545
67
7
544
67
7
544
67
7
545
67
7
544
67
7
545
67
7
545
67
7
544
67
7
544
67
7
545
67
7
545
67
7
544
67
7
545
67
7
545
67
7
545
67
7
545
67
7
544
67
7
545
67
7
544
67
7
545
67
7
544
67
7
544
67
7
545
67
7
545
67
7
545
67
7
545
67
7
544
67
7
544
67
7
545
67
7
544
67
7
544
67
7
544
67
7
544
67
7
544
67
7
545
67
7
544
67
7
545
67
7
545
67
7
545
67
7
544
67
7
545
67
7
545
67
7
544
67
7
544
67
7
545
67
7
544
67
7
545
67
7
545
67
7
544
67
7
544
67
7
545
67
7
544
67
7
545
67
7
544
67
7
545
67
7
544
67
7
545
67
7
544
67
7
545
67
7
545
67
7
544
67
7
544
67
7
544
67
7
544
67
7
544
68
8
549
67
7
544
67
7
545
67
7
545
67
7
544
67
7
544
67
7
544
67
7
544
67
7
545
67
7
545
67
7
545
67
7
544
67
7
545
67
7
544
67
7
545
67
7
545
67
7
545
67
7
545
67
7
545
67
7
545
67
7
544
67
7
545
67
7
545
67
7
545
67
7
544
67
7
544
67
7
544
67
7
544
67
7
545
68
8
548
67
7
544
67
7
543
67
7
544
67
7
544
67
7
545
67
7
544
67
7
544
67
7
545
67
7
545
67
7
544
67
7
544
67
7
544
67
7
545
67
7
544
67
7
545
67
7
545
67
8
546
67
7
544
67
7
544
67
7
545
67
7
544
67
7
545
67
7
545
67
7
544
67
7
545
67
7
545
67
7
545
67
7
545
67
7
545
67
7
545
67
7
545
67
7
545
67
7
544
67
7
544
67
7
544
67
7
544
67
7
545
67
7
544
67
7
545
67
7
544
67
7
545
67
7
544
67
7
544
67
7
545
67
7
540
67
7
544
67
7
545
67
7
544
67
8
546
67
7
545
67
7
544
67
7
545
67
7
544
67
7
545
67
7
545
67
7
545
67
7
544
67
7
545
67
7
545
67
7
545
67
7
544
67
7
545
67
7
545
67
7
545
67
7
545
67
7
544
67
7
545
67
8
546
67
7
545
67
7
544
67
7
545
67
7
545
67
7
545
67
7
545
67
7
545
67
7
544
67
7
545
67
7
545
67
7
545
67
7
544
67
7
544
67
7
545
67
7
545
67
7
544
67
7
545
67
7
544
67
7
544
67
7
545
67
7
545
67
7
545
67
7
545
67
7
545
67
7
545
67
7
544
67
7
544
67
7
544
67
7
544
67
7
544
67
7
544
67
7
545
67
7
544
67
7
544
67
7
544
67
7
544
67
7
544
67
7
545
67
7
545
67
7
544
67
7
545
67
7
545
67
8
546
67
7
545
67
7
544
67
7
544
67
7
545
67
7
545
67
7
545
67
7
545
67
7
540
67
7
544
67
7
544
67
7
545
67
7
544
67
7
545
67
7
545
67
7
545
67
7
545
67
7
545
67
7
544
67
7
545
67
7
544
67
7
544
67
7
545
67
7
545
67
7
544
67
7
545
67
7
545
67
7
544
67
7
544
67
7
545
67
7
545
67
7
544
67
7
544
67
7
544
67
7
545
67
7
545
67
7
545
67
7
544
67
7
545
67
7
544
67
7
545
67
8
546
67
7
545
67
7
544
67
7
545
67
7
544
67
7
545
67
7
545
67
7
545
67
7
544
67
7
544
67
7
544
67
7
545
67
7
545
67
7
545
67
7
545
67
7
544
67
7
544
67
7
545
67
7
544
67
7
545
67
7
544
67
7
545
67
7
545
67
7
544
67
7
544
67
7
544
67
7
545
67
7
545
67
7
544
67
8
546
67
7
545
67
8
546
67
7
545
67
7
545
67
8
546
67
8
546
67
8
546
67
8
547
67
7
545
67
8
547
67
8
546
67
7
545
67
8
547
67
8
546
67
8
547
68
8
548
68
8
548
68
8
548
67
8
547
67
8
547
68
8
548
68
8
548
68
8
549
68
8
550
68
8
549
68
8
550
68
8
549
68
8
550
68
8
550
68
8
550
68
8
550
68
8
550
68
8
550
68
8
550
68
8
550
68
8
549
68
8
550
68
8
550
68
8
550
68
8
549
68
8
550
68
8
550
68
8
550
68
8
550
68
8
551
68
8
551
68
8
552
68
8
554
68
8
555
68
8
554
68
8
555
69
8
556
69
8
558
69
8
560
69
8
563
70
8
565
70
8
565
70
8
565
70
8
565
70
8
564
69
8
563
70
8
564
70
8
565
70
8
565
70
8
565
70
8
564
70
8
564
70
8
564
70
8
565
70
8
565
70
8
565
70
8
564
70
8
565
70
8
565
70
8
565
70
8
565
70
8
564
70
8
564
70
8
564
70
8
565
70
8
565
70
8
564
70
8
564
69
8
563
70
8
564
70
8
569
70
8
565
70
8
565
70
8
565
70
8
564
70
8
565
70
8
564
70
8
565
70
8
564
70
8
565
70
8
564
70
8
566
70
8
564
70
8
565
70
8
566
70
8
566
70
8
565
70
8
567
70
8
568
70
8
567
70
8
568
70
8
568
70
8
568
70
8
568
70
8
571
71
8
573
71
8
575
71
8
575
71
8
575
71
8
578
72
8
580
72
8
584
72
8
585
72
8
585
72
8
587
72
8
586
72
8
586
72
8
587
72
8
586
72
8
586
72
8
585
72
8
587
72
8
586
72
8
585
72
8
585
72
8
585
72
8
587
72
8
586
72
8
587
72
8
586
72
8
587
72
8
587
72
8
586
72
8
587
72
8
587
72
8
585
72
8
587
72
8
585
72
8
585
72
8
587
72
8
586
72
8
587
72
8
587
72
8
587
72
8
587
72
8
586
72
8
587
72
8
586
73
8
590
73
8
591
73
8
591
73
8
594
73
8
593
73
8
594
73
8
596
73
8
591
74
8
598
74
8
600
74
8
602
74
8
604
75
8
606
75
8
608
75
8
608
75
8
607
75
8
607
75
8
608
75
8
609
75
8
609
75
8
609
75
8
610
75
8
609
75
8
611
75
8
610
75
8
611
75
8
609
75
8
609
75
8
611
75
8
611
75
8
611
75
8
610
75
8
610
75
8
611
75
8
611
75
8
610
75
8
610
75
8
608
75
8
611
75
8
610
75
8
610
75
8
610
75
8
610
75
8
609
75
8
611
75
8
612
75
8
610
75
8
610
75
8
610
75
8
610
75
8
611
75
8
611
75
8
610
75
8
609
75
8
611
75
8
611
75
8
609
75
8
610
75
8
611
75
8
610
75
8
611
75
8
610
75
8
610
75
8
611
75
8
611
75
8
610
75
8
610
75
8
609
75
8
611
75
8
610
75
8
611
75
8
609
75
8
609
75
8
610
75
8
610
75
8
610
75
8
611
75
8
611
75
8
609
75
8
610
75
8
610
75
8
610
75
8
611
75
8
610
75
8
610
75
8
610
75
8
610
75
8
611
75
8
610
75
8
610
75
8
610
75
8
611
75
8
611
75
8
610
75
8
610
75
8
611
75
8
609
75
8
611
75
8
610
75
8
610
75
8
610
75
8
610
75
8
611
75
8
611
75
8
609
75
8
611
75
8
611
75
8
611
75
8
611
75
8
609
75
8
610
76
9
616
75
8
611
75
8
610
75
8
610
75
8
611
75
8
610
75
8
610
75
8
609
75
8
611
75
8
610
75
8
610
75
8
610
75
8
611
75
8
611
75
8
610
75
8
609
75
8
609
75
8
610
75
8
610
75
8
610
75
8
609
75
8
610
75
8
611
75
8
610
75
8
611
75
8
610
75
8
609
75
8
609
75
8
610
75
8
611
75
8
610
75
8
610
75
8
610
75
8
611
75
8
610
75
8
610
75
8
610
75
8
611
75
8
610
75
8
611
75
8
610
75
8
611
75
8
611
75
8
609
75
8
611
75
8
609
75
8
610
75
8
611
75
8
610
75
8
611
75
8
611
75
8
610
75
8
611
75
8
610
75
8
611
75
8
610
75
8
611
75
8
609
75
8
610
75
8
610
75
8
610
75
8
611
75
8
611
75
8
610
75
8
610
75
8
610
75
8
610
75
8
611
75
8
610
75
8
610
75
8
611
75
8
611
75
8
609
75
8
610
75
8
607
75
8
610
75
8
610
75
8
609
75
8
610
75
8
611
75
8
611
75
8
611
75
8
611
75
8
610
75
8
611
75
8
609
75
8
610
75
8
610
75
8
610
75
8
611
75
8
611
75
8
610
75
8
611
75
8
611
75
8
609
75
8
611
75
8
611
75
8
610
75
8
611
75
8
611
75
8
611
75
8
609
75
8
611
75
8
611
75
8
611
75
8
610
75
8
611
75
8
610
75
8
611
75
8
611
75
8
611
75
8
610
75
8
610
75
8
610
75
8
611
76
9
615
75
8
611
75
8
612
75
8
610
75
8
610
75
8
610
75
8
610
75
8
610
75
8
610
75
8
611
75
8
611
75
8
610
75
8
611
75
8
611
75
8
611
75
8
610
75
8
611
75
8
610
75
8
611
75
8
611
75
8
610
75
8
610
75
8
611
75
8
611
75
8
611
75
8
610
75
8
609
75
8
610
75
8
610
75
8
610
75
8
609
75
8
610
75
8
609
76
9
614
75
8
610
75
8
609
75
8
610
75
8
610
75
8
610
75
8
611
75
8
611
75
8
610
75
8
610
75
8
610
75
8
611
75
8
611
75
8
610
75
8
611
75
8
611
75
8
610
75
8
610
75
8
609
75
8
609
75
8
611
75
8
610
75
8
610
75
8
611
75
8
611
75
8
610
75
8
611
75
8
611
75
8
611
75
8
610
75
8
611
75
8
610
75
8
610
75
8
611
75
8
610
75
8
610
75
8
610
75
8
610
75
8
610
75
8
610
75
8
610
75
8
611
75
8
611
75
8
610
75
8
611
75
8
610
75
8
610
75
8
610
75
8
610
75
8
610
75
8
610
75
8
611
75
8
611
75
8
609
75
8
611
75
8
610
75
8
610
75
8
611
75
8
610
75
8
610
75
8
611
75
8
610
75
8
611
75
8
611
75
8
610
75
8
610
75
8
610
75
8
610
75
8
611
75
8
610
75
8
611
75
8
610
75
8
609
75
8
611
75
8
611
75
8
609
75
8
610
75
8
611
75
8
611
75
8
610
75
8
611
75
8
610
75
8
610
75
8
610
75
8
610
75
8
611
75
8
611
75
8
609
75
8
610
75
8
610
75
8
610
75
8
610
75
8
611
75
8
611
75
8
611
75
8
610
75
8
611
75
8
610
75
8
610
75
8
610
75
8
610
75
8
611
75
8
610
75
8
611
75
8
609
75
8
611
75
8
610
75
8
611
75
8
610
75
8
611
75
8
610
75
8
610
75
8
611
75
8
610
75
8
610
75
8
610
75
8
611
75
8
610
75
8
610
75
8
610
75
8
611
75
8
611
75
8
609
75
8
610
75
8
610
75
8
611
75
8
611
75
8
610
75
8
611
75
8
611
75
8
610
75
8
610
75
8
610
75
8
611
75
8
611
75
8
610
75
8
611
75
8
610
75
8
611
75
8
610
75
8
610
75
8
610
